        64.2773        42.1674         4.0000         1.8786         2.8751                7248.0000           7248    51.06516245  -114.14486263       107.6342         0.0000              4         5.7383        -1.2214        -1.2214        10.2014         0.0000         0.0000              0
        64.4634        42.0595         4.0000         2.1806         2.6613                7748.0000           7748    51.06516330  -114.14485986       124.9417         0.0000              4         4.1127        -0.6171        -0.6171         9.2662         0.0000         0.0000              0
        64.7797        41.9408         4.0000         2.2749         2.2102                8248.0000           8248    51.06516506  -114.14485592       130.3440         0.0000              4         2.1930         0.1853         0.1853         5.8597         0.0000         0.0000              0
        64.5647        42.0971         4.0000         2.3564         2.2845                8748.0000           8748    51.06516424  -114.14485949       135.0090         0.0000              4         2.1792         0.3199         0.3199         6.1702         0.0000         0.0000              0
        64.4799        42.0405         4.0000         2.3936         2.0292                9248.0000           9248    51.06516332  -114.14485950       137.1415         0.0000              4         1.6715         0.2412         0.2412         4.9053         0.0000         0.0000              0
        64.2940        42.2015         4.0000         2.4692         1.9575                9748.0000           9748    51.06516275  -114.14486290       141.4774         0.0000              4         1.7021         0.2184         0.2184         4.5060         0.0000         0.0000              0
        62.6176        41.2886         4.0000         2.4314         2.0503               10248.0000          10248    51.06514566  -114.14486548       139.3099         0.0000              4         2.8066        -0.7773        -0.7773         4.9694         0.0000         0.0000              1
        62.6656        41.0852         4.0000         2.4767         1.9624               10748.0000          10748    51.06514499  -114.14486269       141.9068         0.0000              4         1.8881        -1.0225        -1.0225         5.1342         0.0000         0.0000              1
        61.9896        41.3845         4.0000         2.3806         1.7435               11248.0000          11248    51.06514146  -114.14487165       136.3985         0.0000              4         1.4080        -1.0220        -1.0220         3.5956         0.0000         0.0000              1
        61.1626        41.6909         4.0000         2.3432         1.4555               11748.0000          11748    51.06513683  -114.14488190       134.2582         0.0000              4         1.1161        -0.7286        -0.7286         2.1617         0.0000         0.0000              1
        60.5084        41.8498         4.0000         2.3479         1.3093               12248.0000          12248    51.06513275  -114.14488902       134.5274         0.0000              4         1.0696        -0.5825        -0.5825         1.4038         0.0000         0.0000              1
        59.8732        41.9034         4.0000         2.3732         1.1862               12748.0000          12748    51.06512829  -114.14489474       135.9746         0.0000              4         1.0673        -0.3827        -0.3827         1.0194         0.0000         0.0000              1
        59.1982        41.9055         4.0000         2.3953         1.1898               13248.0000          13248    51.06512327  -114.14490017       137.2386         0.0000              4         1.2866        -0.3021        -0.3021         0.8034         0.0000         0.0000              1
        58.4653        41.8746         4.0000         2.4061         1.2769               13748.0000          13748    51.06511765  -114.14490566       137.8609         0.0000              4         1.6939        -0.2809        -0.2809         0.6581         0.0000         0.0000              1
        57.6262        41.7367         4.0000         2.4247         1.2686               14248.0000          14248    51.06511070  -114.14491074       138.9267         0.0000              4         1.6893        -0.2985        -0.2985         0.5485         0.0000         0.0000              1
        56.8337        41.5494         4.0000         2.4381         1.1080               14748.0000          14748    51.06510385  -114.14491486       139.6927         0.0000              4         1.1419        -0.3387        -0.3387         0.4115         0.0000         0.0000              1
        56.2769        41.4978         4.0000         2.4489         1.0124               15248.0000          15248    51.06509944  -114.14491871       140.3103         0.0000              4         0.8401        -0.3342        -0.3342         0.4405         0.0000         0.0000              1
        55.8480        41.4721         4.0000         2.4503         0.9449               15748.0000          15748    51.06509611  -114.14492183       140.3923         0.0000              4         0.6311        -0.3298        -0.3298         0.4901         0.0000         0.0000              1
        55.2933        41.5091         4.0000         2.4551         1.0383               16248.0000          16248    51.06509216  -114.14492671       140.6680         0.0000              4         0.6397        -0.4601        -0.4601         0.6771         0.0000         0.0000              1
        54.6506        41.5479         4.0000         2.4428         1.1653               16748.0000          16748    51.06508756  -114.14493231       139.9611         0.0000              4         0.7709        -0.6229        -0.6229         0.8011         0.0000         0.0000              1
        53.8858        41.5989         4.0000         2.4288         1.2442               17248.0000          17248    51.06508212  -114.14493904       139.1619         0.0000              4         0.9289        -0.6923        -0.6923         0.8563         0.0000         0.0000              1
        53.1268        41.6285         4.0000         2.4159         1.2911               17748.0000          17748    51.06507661  -114.14494546       138.4219         0.0000              4         1.0412        -0.7247        -0.7247         0.8935         0.0000         0.0000              1
        52.4893        41.6403         4.0000         2.4112         1.2833               18248.0000          18248    51.06507191  -114.14495071       138.1540         0.0000              4         1.1031        -0.6810        -0.6810         0.8225         0.0000         0.0000              1
        51.7867        41.5998         4.0000         2.4057         1.2326               18748.0000          18748    51.06506647  -114.14495585       137.8377         0.0000              4         1.0744        -0.6047        -0.6047         0.7041         0.0000         0.0000              1
        51.0953        41.5012         4.0000         2.3975         1.0985               19248.0000          19248    51.06506082  -114.14496021       137.3640         0.0000              4         0.9501        -0.4355        -0.4355         0.4798         0.0000         0.0000              1
        50.5492        41.2930         4.0000         2.3869         0.9715               19748.0000          19748    51.06505570  -114.14496211       136.7605         0.0000              4         0.8307        -0.2886        -0.2886         0.3368         0.0000         0.0000              1
        50.0735        41.0701         4.0000         2.3678         0.9481               20248.0000          20248    51.06505103  -114.14496327       135.6624         0.0000              4         0.8609        -0.2363        -0.2363         0.2817         0.0000         0.0000              1
        49.4234        40.7147         4.0000         2.3555         0.8717               20748.0000          20748    51.06504440  -114.14496426       134.9597         0.0000              4         0.8679        -0.1121        -0.1121         0.1902         0.0000         0.0000              1
        48.8213        40.2448         4.0000         2.3471         0.7317               21248.0000          21248    51.06503755  -114.14496350       134.4777         0.0000              4         0.6674         0.0079         0.0079         0.2685         0.0000         0.0000              1
        48.3866        39.9171         4.0000         2.3388         0.6828               21748.0000          21748    51.06503266  -114.14496309       134.0018         0.0000              4         0.5583         0.0332         0.0332         0.3624         0.0000         0.0000              1
        47.8766        39.6951         4.0000         2.3322         0.6978               22248.0000          22248    51.06502774  -114.14496454       133.6259         0.0000              4         0.4746        -0.0415        -0.0415         0.3908         0.0000         0.0000              1
        47.3619        39.6451         4.0000         2.3172         0.7536               22748.0000          22748    51.06502365  -114.14496806       132.7660         0.0000              4         0.4481        -0.1401        -0.1401         0.4159         0.0000         0.0000              1
        46.9397        39.6220         4.0000         2.3162         0.7803               23248.0000          23248    51.06502039  -114.14497117       132.7097         0.0000              4         0.4424        -0.1894        -0.1894         0.4134         0.0000         0.0000              1
        46.5215        39.7501         4.0000         2.3210         0.8455               23748.0000          23748    51.06501791  -114.14497604       132.9822         0.0000              4         0.4461        -0.2693        -0.2693         0.5076         0.0000         0.0000              1
        45.0354        40.6919         4.0000         2.3092         0.8647               24248.0000          24248    51.06501157  -114.14499910       132.3096         0.0000              4         0.2734        -0.2366        -0.2366         1.0888         0.0000         0.0000              1
        44.2776        41.3322         4.0000         2.3183         1.1120               24748.0000          24748    51.06500914  -114.14501276       132.8293         0.0000              4         0.3438        -0.4177        -0.4177         1.9601         0.0000         0.0000              1
        43.6178        41.8326         4.0000         2.3256         1.0457               25248.0000          25248    51.06500674  -114.14502398       133.2491         0.0000              4         0.2877        -0.3845        -0.3845         1.7241         0.0000         0.0000              1
        43.2442        42.1611         4.0000         2.3327         1.0742               25748.0000          25748    51.06500560  -114.14503087       133.6522         0.0000              4         0.2834        -0.3964        -0.3964         1.8922         0.0000         0.0000              1
        42.9756        42.3523         4.0000         2.3427         1.0546               26248.0000          26248    51.06500456  -114.14503528       134.2271         0.0000              4         0.2564        -0.3942        -0.3942         1.8243         0.0000         0.0000              1
        42.5524        42.6726         4.0000         2.3568         1.0405               26748.0000          26748    51.06500302  -114.14504247       135.0358         0.0000              4         0.2581        -0.3516        -0.3516         1.8524         0.0000         0.0000              1
        42.1380        43.0380         4.0000         2.3751         1.1102               27248.0000          27248    51.06500177  -114.14505012       136.0858         0.0000              4         0.2419        -0.2403        -0.2403         2.0072         0.0000         0.0000              1
        41.7965        43.3392         4.0000         2.3999         1.1774               27748.0000          27748    51.06500073  -114.14505643       137.5016         0.0000              4         0.2246        -0.1374        -0.1374         2.1000         0.0000         0.0000              1
        41.5043        43.6731         4.0000         2.4175         1.1862               28248.0000          28248    51.06500023  -114.14506273       138.5145         0.0000              4         0.1921        -0.1058        -0.1058         2.1026         0.0000         0.0000              1
        41.2733        43.9789         4.0000         2.4146         1.2973               28748.0000          28748    51.06500005  -114.14506820       138.3466         0.0000              4         0.1931        -0.1388        -0.1388         2.5481         0.0000         0.0000              1
        40.9360        44.4169         4.0000         2.4152         1.3479               29248.0000          29248    51.06499974  -114.14507610       138.3796         0.0000              4         0.1721        -0.1458        -0.1458         2.7618         0.0000         0.0000              1
        40.7505        44.6330         4.0000         2.4104         1.2334               29748.0000          29748    51.06499944  -114.14508015       138.1060         0.0000              4         0.1497        -0.1275        -0.1275         2.3172         0.0000         0.0000              1
        40.4269        45.0939         4.0000         2.4142         1.1803               30248.0000          30248    51.06499935  -114.14508821       138.3215         0.0000              4         0.1858        -0.1431        -0.1431         2.1353         0.0000         0.0000              1
        40.2747        45.3178         4.0000         2.4232         1.0490               30748.0000          30748    51.06499934  -114.14509208       138.8411         0.0000              4         0.2091        -0.0779        -0.0779         1.6110         0.0000         0.0000              1
        39.9868        45.6707         4.0000         2.4324         1.0254               31248.0000          31248    51.06499897  -114.14509857       139.3634         0.0000              4         0.2056        -0.1328        -0.1328         1.6153         0.0000         0.0000              1
        39.5540        46.1393         4.0000         2.4442         1.0087               31748.0000          31748    51.06499810  -114.14510759       140.0413         0.0000              4         0.1910        -0.1876        -0.1876         1.6464         0.0000         0.0000              1
        39.2118        46.5269         4.0000         2.4554         0.9681               32248.0000          32248    51.06499749  -114.14511493       140.6846         0.0000              4         0.1769        -0.1706        -0.1706         1.5133         0.0000         0.0000              1
        38.9346        46.9670         4.0000         2.4612         1.0385               32748.0000          32748    51.06499764  -114.14512237       141.0147         0.0000              4         0.1659        -0.1114        -0.1114         1.6441         0.0000         0.0000              1
        38.6363        47.3926         4.0000         2.4666         1.0803               33248.0000          33248    51.06499756  -114.14512981       141.3274         0.0000              4         0.1306        -0.0312        -0.0312         1.6807         0.0000         0.0000              1
        38.4174        47.9783         4.0000         2.4764         1.1253               33748.0000          33748    51.06499887  -114.14513851       141.8873         0.0000              4         0.1420        -0.0193        -0.0193         1.8038         0.0000         0.0000              1
        38.2551        48.5841         4.0000         2.4933         1.1175               34248.0000          34248    51.06500071  -114.14514699       142.8573         0.0000              4         0.2147        -0.0328        -0.0328         1.7637         0.0000         0.0000              1
        38.2659        49.2307         4.0000         2.5101         1.0027               34748.0000          34748    51.06500404  -114.14515458       143.8203         0.0000              4         0.2917         0.0429         0.0429         1.2723         0.0000         0.0000              1
        38.5212        49.7268         4.0000         2.5238         0.9133               35248.0000          35248    51.06500844  -114.14515842       144.6022         0.0000              4         0.3880         0.0310         0.0310         0.9951         0.0000         0.0000              1
        38.9240        50.1506         4.0000         2.5259         0.8649               35748.0000          35748    51.06501357  -114.14516022       144.7231         0.0000              4         0.4796        -0.0436        -0.0436         0.9290         0.0000         0.0000              1
        39.4773        50.4726         4.0000         2.5132         0.9554               36248.0000          36248    51.06501932  -114.14515962       143.9954         0.0000              4         0.4375        -0.0080        -0.0080         1.1398         0.0000         0.0000              1
        39.8003        50.8503         4.0000         2.5061         0.6414               36748.0000          36748    51.06502362  -114.14516151       143.5866         0.0000              4         0.3860        -0.0736        -0.0736         0.2488         0.0000         0.0000              1
        40.2386        51.0971         4.0000         2.5057         0.6915               37248.0000          37248    51.06502813  -114.14516093       143.5674         0.0000              4         0.4219        -0.1111        -0.1111         0.2722         0.0000         0.0000              1
        40.7460        51.3185         4.0000         2.5057         0.7507               37748.0000          37748    51.06503303  -114.14515950       143.5677         0.0000              4         0.5095        -0.1581        -0.1581         0.2139         0.0000         0.0000              1
        41.3538        51.4983         4.0000         2.5007         0.8424               38248.0000          38248    51.06503846  -114.14515677       143.2796         0.0000              4         0.6452        -0.2170        -0.2170         0.2076         0.0000         0.0000              1
        41.8950        51.6370         4.0000         2.4905         0.8941               38748.0000          38748    51.06504320  -114.14515408       142.6931         0.0000              4         0.7409        -0.2384        -0.2384         0.2211         0.0000         0.0000              1
        42.4660        51.7946         4.0000         2.4928         0.9269               39248.0000          39248    51.06504825  -114.14515138       142.8286         0.0000              4         0.8353        -0.2344        -0.2344         0.2164         0.0000         0.0000              1
        42.9077        52.0144         4.0000         2.5023         0.9426               39748.0000          39748    51.06505265  -114.14515046       143.3727         0.0000              4         0.9129        -0.2032        -0.2032         0.2327         0.0000         0.0000              1
        43.3649        52.3706         4.0000         2.5105         1.0154               40248.0000          40248    51.06505785  -114.14515102       143.8406         0.0000              4         1.0254        -0.2314        -0.2314         0.3574         0.0000         0.0000              1
        43.7262        52.9637         4.0000         2.5229         0.7600               40748.0000          40748    51.06506352  -114.14515517       144.5530         0.0000              4         0.5998        -0.0914        -0.0914         0.2578         0.0000         0.0000              1
        43.9780        53.7856         4.0000         2.5385         0.5634               41248.0000          41248    51.06506953  -114.14516291       145.4462         0.0000              4         0.2748         0.0483         0.0483         0.2716         0.0000         0.0000              1
        43.8546        54.4414         4.0000         2.5481         0.4929               41748.0000          41748    51.06507191  -114.14517167       145.9934         0.0000              4         0.1707        -0.0050        -0.0050         0.2825         0.0000         0.0000              1
        43.5301        54.9483         4.0000         2.5483         0.4652               42248.0000          42248    51.06507204  -114.14518028       146.0057         0.0000              4         0.1888        -0.0084        -0.0084         0.2403         0.0000         0.0000              1
        43.1100        55.2013         4.0000         2.5459         0.5359               42748.0000          42748    51.06507018  -114.14518665       145.8718         0.0000              4         0.2471         0.0009         0.0009         0.3042         0.0000         0.0000              1
        42.5298        55.2334         4.0000         2.5539         0.5853               43248.0000          43248    51.06506602  -114.14519167       146.3305         0.0000              4         0.3186         0.0257         0.0257         0.3187         0.0000         0.0000              1
        41.9229        55.0802         4.0000         2.5679         0.5221               43748.0000          43748    51.06506072  -114.14519471       147.1298         0.0000              4         0.3266         0.0206         0.0206         0.2148         0.0000         0.0000              1
        41.3647        54.8571         4.0000         2.5673         0.5368               44248.0000          44248    51.06505544  -114.14519653       147.0949         0.0000              4         0.3615         0.0188         0.0188         0.1824         0.0000         0.0000              1
        40.8885        54.6628         4.0000         2.5596         0.5787               44748.0000          44748    51.06505091  -114.14519804       146.6553         0.0000              4         0.3793        -0.0124        -0.0124         0.2006         0.0000         0.0000              1
        40.4247        54.4574         4.0000         2.5527         0.6717               45248.0000          45248    51.06504642  -114.14519931       146.2572         0.0000              4         0.4644        -0.0462        -0.0462         0.2854         0.0000         0.0000              1
        39.8852        54.2883         4.0000         2.5499         0.7396               45748.0000          45748    51.06504155  -114.14520162       146.0997         0.0000              4         0.5773        -0.0716        -0.0716         0.2682         0.0000         0.0000              1
        39.3924        54.1273         4.0000         2.5447         0.7520               46248.0000          46248    51.06503706  -114.14520366       145.8015         0.0000              4         0.5876        -0.0830        -0.0830         0.2708         0.0000         0.0000              1
        38.8989        54.0043         4.0000         2.5411         0.6883               46748.0000          46748    51.06503276  -114.14520614       145.5929         0.0000              4         0.4695        -0.1006        -0.1006         0.1845         0.0000         0.0000              1
        38.4250        53.7467         4.0000         2.5333         0.6230               47248.0000          47248    51.06502794  -114.14520688       145.1501         0.0000              4         0.3940        -0.0600        -0.0600         0.1974         0.0000         0.0000              1
        38.2110        53.4899         4.0000         2.5211         0.5675               47748.0000          47748    51.06502505  -114.14520555       144.4464         0.0000              4         0.3415        -0.0316        -0.0316         0.1853         0.0000         0.0000              1
        38.1391        53.2754         4.0000         2.5112         0.5400               48248.0000          48248    51.06502343  -114.14520358       143.8840         0.0000              4         0.3178        -0.0038        -0.0038         0.2227         0.0000         0.0000              1
        38.0708        52.9261         4.0000         2.5072         0.6061               48748.0000          48748    51.06502117  -114.14519998       143.6531         0.0000              4         0.2968         0.0749         0.0749         0.2984         0.0000         0.0000              1
        38.1311        52.5295         4.0000         2.5001         0.8421               49248.0000          49248    51.06501962  -114.14519479       143.2476         0.0000              4         0.5433         0.0346         0.0346         0.7378         0.0000         0.0000              1
        38.3305        51.9540         4.0000         2.4992         1.0317               49748.0000          49748    51.06501822  -114.14518637       143.1910         0.0000              4         0.4717         0.1368         0.1368         1.1494         0.0000         0.0000              1
        38.4511        51.1670         4.0000         2.4927         1.0804               50248.0000          50248    51.06501516  -114.14517607       142.8200         0.0000              4         0.5495         0.1399         0.1399         1.2596         0.0000         0.0000              1
        38.5013        50.3881         4.0000         2.4940         0.8625               50748.0000          50748    51.06501161  -114.14516642       142.8968         0.0000              4         0.6989         0.0721         0.0721         0.6672         0.0000         0.0000              1
        38.3133        49.7901         4.0000         2.4894         0.6173               51248.0000          51248    51.06500721  -114.14516083       142.6348         0.0000              4         0.4236         0.0712         0.0712         0.2657         0.0000         0.0000              1
        38.2046        49.3483         4.0000         2.4954         1.2718               51748.0000          51748    51.06500417  -114.14515646       142.9771         0.0000              4         0.9809        -0.5909        -0.5909         1.2643         0.0000         0.0000              1
        38.1015        49.4131         4.0000         2.5002         1.4847               52248.0000          52248    51.06500373  -114.14515806       143.2484         0.0000              4         1.2244        -0.8093        -0.8093         1.9584         0.0000         0.0000              1
        37.8500        49.8500         4.0000         2.5006         1.4449               52748.0000          52748    51.06500405  -114.14516525       143.2731         0.0000              4         1.2563        -0.6597        -0.6597         2.0030         0.0000         0.0000              1
        37.6271        50.2822         4.0000         2.4998         1.3718               53248.0000          53248    51.06500456  -114.14517216       143.2279         0.0000              4         1.1655        -0.5625        -0.5625         1.7888         0.0000         0.0000              1
        37.2494        50.8108         4.0000         2.5036         1.3874               53748.0000          53748    51.06500441  -114.14518146       143.4456         0.0000              4         1.2882        -0.6083        -0.6083         1.5205         0.0000         0.0000              1
        36.7359        51.2688         4.0000         2.5168         1.3347               54248.0000          54248    51.06500288  -114.14519100       144.2027         0.0000              4         1.0409        -0.6097        -0.6097         1.6014         0.0000         0.0000              1
        36.0398        51.8649         4.0000         2.5284         0.7883               54748.0000          54748    51.06500069  -114.14520364       144.8640         0.0000              4         0.4919        -0.1499        -0.1499         0.4618         0.0000         0.0000              1
        35.6865        52.3115         4.0000         2.5361         0.6247               55248.0000          55248    51.06500030  -114.14521177       145.3059         0.0000              4         0.2988        -0.0547        -0.0547         0.4292         0.0000         0.0000              1
        35.3530        52.8094         4.0000         2.5352         0.6073               55748.0000          55748    51.06500032  -114.14522034       145.2562         0.0000              4         0.2667        -0.0520        -0.0520         0.4391         0.0000         0.0000              1
        34.8609        53.2730         4.0000         2.5207         0.5669               56248.0000          56248    51.06499898  -114.14522978       144.4233         0.0000              4         0.1703        -0.0820        -0.0820         0.4101         0.0000         0.0000              1
        34.1592        53.5106         4.0000         2.5153         0.6095               56748.0000          56748    51.06499494  -114.14523822       144.1165         0.0000              4         0.2406        -0.1250        -0.1250         0.2884         0.0000         0.0000              1
        33.5045        53.4761         4.0000         2.5228         0.5763               57248.0000          57248    51.06498989  -114.14524305       144.5461         0.0000              4         0.2598        -0.1036        -0.1036         0.1838         0.0000         0.0000              1
        32.7951        53.2230         4.0000         2.5305         0.5450               57748.0000          57748    51.06498333  -114.14524572       144.9855         0.0000              4         0.2641        -0.0691        -0.0691         0.1645         0.0000         0.0000              1
        32.4625        53.0008         4.0000         2.5433         0.5959               58248.0000          58248    51.06497973  -114.14524574       145.7208         0.0000              4         0.2700        -0.0957        -0.0957         0.2582         0.0000         0.0000              1
        32.3274        52.6650         4.0000         2.5580         0.5090               58748.0000          58748    51.06497703  -114.14524284       146.5630         0.0000              4         0.2117        -0.0309        -0.0309         0.2715         0.0000         0.0000              1
        32.4453        52.3877         4.0000         2.5663         0.5266               59248.0000          59248    51.06497652  -114.14523861       147.0354         0.0000              4         0.2409        -0.0066        -0.0066         0.3027         0.0000         0.0000              1
        32.5307        52.0087         4.0000         2.5726         0.5428               59748.0000          59748    51.06497525  -114.14523343       147.3968         0.0000              4         0.1593         0.0701         0.0701         0.2616         0.0000         0.0000              1
        32.6507        51.5079         4.0000         2.5820         0.5661               60248.0000          60248    51.06497363  -114.14522653       147.9363         0.0000              4         0.2687         0.0068         0.0068         0.3348         0.0000         0.0000              1
        32.7745        50.9663         4.0000         2.5965         0.6404               60748.0000          60748    51.06497182  -114.14521911       148.7706         0.0000              4         0.2641         0.0378         0.0378         0.4255         0.0000         0.0000              1
        33.0938        50.1455         4.0000         2.6200         0.7484               61248.0000          61248    51.06497008  -114.14520682       150.1174         0.0000              4         0.3038         0.0138         0.0138         0.6582         0.0000         0.0000              1
        33.4995        49.5961         4.0000         2.6301         0.5987               61748.0000          61748    51.06497034  -114.14519705       150.6961         0.0000              4         0.2909        -0.0334        -0.0334         0.4081         0.0000         0.0000              1
        33.9290        49.5650         4.0000         2.6317         0.6754               62248.0000          62248    51.06497339  -114.14519325       150.7867         0.0000              4         0.3615        -0.1226        -0.1226         0.3008         0.0000         0.0000              1
        34.6650        49.8887         4.0000         2.6407         0.7505               62748.0000          62748    51.06498050  -114.14519120       151.3021         0.0000              4         0.6377        -0.0160        -0.0160         0.3519         0.0000         0.0000              1
        35.4072        50.0505         4.0000         2.6339         0.7243               63248.0000          63248    51.06498685  -114.14518718       150.9093         0.0000              4         0.6465        -0.0174        -0.0174         0.2052         0.0000         0.0000              1
        35.9285        50.3047         4.0000         2.6360         0.6018               63748.0000          63748    51.06499201  -114.14518602       151.0327         0.0000              4         0.4487        -0.0064        -0.0064         0.1530         0.0000         0.0000              1
        36.3440        50.4064         4.0000         2.6408         0.5925               64248.0000          64248    51.06499562  -114.14518390       151.3066         0.0000              4         0.3798        -0.0410        -0.0410         0.1662         0.0000         0.0000              1
        36.7821        50.3573         4.0000         2.6405         0.5818               64748.0000          64748    51.06499864  -114.14517982       151.2871         0.0000              4         0.2851        -0.0773        -0.0773         0.2269         0.0000         0.0000              1
        37.2474        49.9935         4.0000         2.6343         0.5738               65248.0000          65248    51.06500028  -114.14517178       150.9335         0.0000              4         0.1890        -0.0782        -0.0782         0.4058         0.0000         0.0000              1
        37.6575        49.4422         4.0000         2.6420         0.6269               65748.0000          65748    51.06500057  -114.14516196       151.3746         0.0000              4         0.1812        -0.0294        -0.0294         0.5290         0.0000         0.0000              1
        37.9809        48.9487         4.0000         2.6507         0.6159               66248.0000          66248    51.06500050  -114.14515351       151.8739         0.0000              4         0.1682        -0.0037        -0.0037         0.4804         0.0000         0.0000              1
        38.1908        48.5164         4.0000         2.6590         0.6931               66748.0000          66748    51.06499989  -114.14514670       152.3522         0.0000              4         0.1886         0.0386         0.0386         0.5611         0.0000         0.0000              1
        38.4061        48.0559         4.0000         2.6620         0.7786               67248.0000          67248    51.06499918  -114.14513952       152.5229         0.0000              4         0.1974         0.0487         0.0487         0.7266         0.0000         0.0000              1
        38.6692        47.5353         4.0000         2.6626         0.8148               67748.0000          67748    51.06499852  -114.14513124       152.5547         0.0000              4         0.1303         0.0810         0.0810         0.7974         0.0000         0.0000              1
        38.9315        47.0555         4.0000         2.6682         0.8549               68248.0000          68248    51.06499806  -114.14512344       152.8786         0.0000              4         0.1386        -0.0019        -0.0019         1.0029         0.0000         0.0000              1
        39.4006        46.4502         4.0000         2.6725         0.8091               68748.0000          68748    51.06499852  -114.14511251       153.1232         0.0000              4         0.1556        -0.0651        -0.0651         0.9695         0.0000         0.0000              1
        39.9017        45.8751         4.0000         2.6734         0.7705               69248.0000          69248    51.06499936  -114.14510168       153.1746         0.0000              4         0.1840        -0.1256        -0.1256         0.9495         0.0000         0.0000              1
        40.4446        45.3315         4.0000         2.6756         0.7095               69748.0000          69748    51.06500067  -114.14509088       153.3028         0.0000              4         0.2200        -0.0793        -0.0793         0.7393         0.0000         0.0000              1
        40.8065        44.9007         4.0000         2.6713         0.7301               70248.0000          70248    51.06500121  -114.14508288       153.0518         0.0000              4         0.2378        -0.0424        -0.0424         0.7247         0.0000         0.0000              1
        41.1264        44.5229         4.0000         2.6682         0.7829               70748.0000          70748    51.06500169  -114.14507583       152.8755         0.0000              4         0.2272        -0.0225        -0.0225         0.8188         0.0000         0.0000              1
        41.5055        43.9770         4.0000         2.6624         0.8721               71248.0000          71248    51.06500177  -114.14506632       152.5459         0.0000              4         0.1958         0.0122         0.0122         1.0011         0.0000         0.0000              1
        41.9994        43.3940         4.0000         2.6583         0.9429               71748.0000          71748    51.06500252  -114.14505545       152.3104         0.0000              4         0.2153         0.0118         0.0118         1.1797         0.0000         0.0000              1
        42.4654        42.8529         4.0000         2.6624         1.0230               72248.0000          72248    51.06500328  -114.14504531       152.5431         0.0000              4         0.2900        -0.0211        -0.0211         1.4192         0.0000         0.0000              1
        42.8734        42.4016         4.0000         2.6597         1.0057               72748.0000          72748    51.06500405  -114.14503669       152.3900         0.0000              4         0.2572        -0.0895        -0.0895         1.4753         0.0000         0.0000              1
        43.3929        41.9559         4.0000         2.6607         0.8911               73248.0000          73248    51.06500568  -114.14502724       152.4474         0.0000              4         0.2617        -0.1605        -0.1605         1.2527         0.0000         0.0000              1
        43.9421        41.5626         4.0000         2.6571         0.9243               73748.0000          73748    51.06500780  -114.14501818       152.2407         0.0000              4         0.3025        -0.1892        -0.1892         1.3607         0.0000         0.0000              1
        44.4775        41.1612         4.0000         2.6537         0.8136               74248.0000          74248    51.06500977  -114.14500913       152.0476         0.0000              4         0.3181        -0.0732        -0.0732         0.9170         0.0000         0.0000              1
        44.8793        40.7991         4.0000         2.6448         0.7972               74748.0000          74748    51.06501094  -114.14500162       151.5337         0.0000              4         0.2910        -0.0586        -0.0586         0.8714         0.0000         0.0000              1
        45.2842        40.4867         4.0000         2.6432         0.8717               75248.0000          75248    51.06501239  -114.14499468       151.4444         0.0000              4         0.3594        -0.0779        -0.0779         1.0472         0.0000         0.0000              1
        45.7480        40.1076         4.0000         2.6443         0.9438               75748.0000          75748    51.06501394  -114.14498647       151.5075         0.0000              4         0.2719        -0.2937        -0.2937         1.3804         0.0000         0.0000              1
        46.1996        39.7733         4.0000         2.6270         1.0550               76248.0000          76248    51.06501563  -114.14497889       150.5135         0.0000              4         0.2965        -0.4002        -0.4002         1.7208         0.0000         0.0000              1
        46.7548        39.5418         4.0000         2.6100         1.0477               76748.0000          76748    51.06501860  -114.14497170       149.5395         0.0000              4         0.3808        -0.4147        -0.4147         1.4439         0.0000         0.0000              1
        47.2935        39.4851         4.0000         2.5916         1.1315               77248.0000          77248    51.06502234  -114.14496671       148.4871         0.0000              4         0.4763        -0.4092        -0.4092         1.8339         0.0000         0.0000              1
        47.8643        39.5323         4.0000         2.5669         1.0801               77748.0000          77748    51.06502683  -114.14496271       147.0739         0.0000              4         0.5039        -0.3624        -0.3624         1.5487         0.0000         0.0000              1
        48.4211        39.7325         4.0000         2.5464         1.0573               78248.0000          78248    51.06503199  -114.14496063       145.9003         0.0000              4         0.4965        -0.2668        -0.2668         1.6927         0.0000         0.0000              1
        48.8272        40.0844         4.0000         2.5436         0.9792               78748.0000          78748    51.06503678  -114.14496155       145.7383         0.0000              4         0.4797        -0.1883        -0.1883         1.4309         0.0000         0.0000              1
        49.1770        40.5113         4.0000         2.5433         1.1321               79248.0000          79248    51.06504154  -114.14496382       145.7219         0.0000              4         0.6027        -0.1091        -0.1091         1.7378         0.0000         0.0000              1
        49.5479        40.7773         4.0000         2.5432         0.8179               79748.0000          79748    51.06504564  -114.14496400       145.7153         0.0000              4         0.5187        -0.0396        -0.0396         0.7909         0.0000         0.0000              1
        49.9953        40.9882         4.0000         2.5457         0.7868               80248.0000          80248    51.06505004  -114.14496293       145.8576         0.0000              4         0.5627        -0.0668        -0.0668         0.5446         0.0000         0.0000              1
        50.6021        41.1732         4.0000         2.5494         0.9192               80748.0000          80748    51.06505549  -114.14496027       146.0675         0.0000              4         0.7032        -0.1711        -0.1711         0.6490         0.0000         0.0000              1
        51.2722        41.3145         4.0000         2.5571         1.0214               81248.0000          81248    51.06506120  -114.14495658       146.5117         0.0000              4         0.9089        -0.2763        -0.2763         0.5194         0.0000         0.0000              1
        51.9804        41.3914         4.0000         2.5577         1.0390               81748.0000          81748    51.06506687  -114.14495182       146.5446         0.0000              4         0.8809        -0.3175        -0.3175         0.5745         0.0000         0.0000              1
        52.6521        41.4248         4.0000         2.5515         0.9856               82248.0000          82248    51.06507204  -114.14494685       146.1918         0.0000              4         0.7739        -0.2893        -0.2893         0.5478         0.0000         0.0000              1
        53.2509        41.4879         4.0000         2.5427         0.8976               82748.0000          82748    51.06507682  -114.14494280       145.6851         0.0000              4         0.6660        -0.2084        -0.2084         0.4948         0.0000         0.0000              1
        53.8842        41.5786         4.0000         2.5309         0.8592               83248.0000          83248    51.06508200  -114.14493881       145.0102         0.0000              4         0.5919        -0.2306        -0.2306         0.3762         0.0000         0.0000              1
        54.5474        41.6227         4.0000         2.5138         0.9034               83748.0000          83748    51.06508717  -114.14493403       144.0284         0.0000              4         0.5135        -0.3279        -0.3279         0.5092         0.0000         0.0000              1
        55.3049        41.6075         4.0000         2.4952         0.9778               84248.0000          84248    51.06509274  -114.14492778       142.9672         0.0000              4         0.5274        -0.4174        -0.4174         0.6610         0.0000         0.0000              1
        56.0265        41.5220         4.0000         2.4813         0.9725               84748.0000          84748    51.06509769  -114.14492100       142.1705         0.0000              4         0.5363        -0.4210        -0.4210         0.5975         0.0000         0.0000              1
        56.6547        41.4485         4.0000         2.4708         0.9168               85248.0000          85248    51.06510200  -114.14491510       141.5678         0.0000              4         0.5469        -0.3510        -0.3510         0.4450         0.0000         0.0000              1
        57.2264        41.4076         4.0000         2.4679         0.9424               85748.0000          85748    51.06510606  -114.14491004       141.4015         0.0000              4         0.6441        -0.3493        -0.3493         0.3891         0.0000         0.0000              1
        57.8520        41.4515         4.0000         2.4711         1.0492               86248.0000          86248    51.06511095  -114.14490555       141.5835         0.0000              4         0.8568        -0.4236        -0.4236         0.3809         0.0000         0.0000              1
        58.5382        41.5079         4.0000         2.4815         1.1326               86748.0000          86748    51.06511635  -114.14490073       142.1790         0.0000              4         1.0429        -0.4873        -0.4873         0.3651         0.0000         0.0000              1
        59.2043        41.5386         4.0000         2.4972         1.2215               87248.0000          87248    51.06512147  -114.14489576       143.0791         0.0000              4         1.1883        -0.5848        -0.5848         0.4255         0.0000         0.0000              1
        60.0335        41.5799         4.0000         2.5144         1.2428               87748.0000          87748    51.06512786  -114.14488962       144.0656         0.0000              4         1.1986        -0.6178        -0.6178         0.4733         0.0000         0.0000              1
        60.9657        41.5844         4.0000         2.5241         1.1001               88248.0000          88248    51.06513483  -114.14488221       144.6227         0.0000              4         0.9281        -0.4685        -0.4685         0.4411         0.0000         0.0000              1
        61.7016        41.5765         4.0000         2.5310         0.9256               88748.0000          88748    51.06514028  -114.14487623       145.0132         0.0000              4         0.6507        -0.3203        -0.3203         0.3598         0.0000         0.0000              1
        62.3344        41.5618         4.0000         2.5320         0.8635               89248.0000          89248    51.06514492  -114.14487099       145.0716         0.0000              4         0.6143        -0.2458        -0.2458         0.3055         0.0000         0.0000              1
        63.0024        41.5887         4.0000         2.5251         0.8695               89748.0000          89748    51.06515004  -114.14486596       144.6768         0.0000              4         0.6967        -0.2096        -0.2096         0.2648         0.0000         0.0000              1
        63.7239        41.6504         4.0000         2.5315         0.7840               90248.0000          90248    51.06515573  -114.14486092       145.0416         0.0000              4         0.5955        -0.1375        -0.1375         0.2490         0.0000         0.0000              1
        64.4142        41.7144         4.0000         2.5270         0.7099               90748.0000          90748    51.06516119  -114.14485616       144.7859         0.0000              4         0.4185        -0.1300        -0.1300         0.3061         0.0000         0.0000              1
        64.9712        41.6944         4.0000         2.5260         0.7292               91248.0000          91248    51.06516525  -114.14485146       144.7276         0.0000              4         0.3344        -0.1954        -0.1954         0.3862         0.0000         0.0000              1
        65.6022        41.5716         4.0000         2.5230         0.7886               91748.0000          91748    51.06516933  -114.14484496       144.5553         0.0000              4         0.3865        -0.2513        -0.2513         0.3944         0.0000         0.0000              1
        66.2069        41.4926         4.0000         2.5228         0.8223               92248.0000          92248    51.06517344  -114.14483918       144.5472         0.0000              4         0.4625        -0.2663        -0.2663         0.3562         0.0000         0.0000              1
        66.7342        41.4397         4.0000         2.5280         0.8632               92748.0000          92748    51.06517711  -114.14483433       144.8447         0.0000              4         0.5829        -0.2690        -0.2690         0.3039         0.0000         0.0000              1
        67.2581        41.4499         4.0000         2.5364         0.9723               93248.0000          93248    51.06518107  -114.14483026       145.3271         0.0000              4         0.7632        -0.3509        -0.3509         0.3053         0.0000         0.0000              1
        67.7916        41.4552         4.0000         2.5398         1.0816               93748.0000          93748    51.06518507  -114.14482606       145.5222         0.0000              4         0.9472        -0.4437        -0.4437         0.3433         0.0000         0.0000              1
        68.3652        41.4823         4.0000         2.5479         1.2010               94248.0000          94248    51.06518948  -114.14482179       145.9859         0.0000              4         1.1295        -0.5760        -0.5760         0.4226         0.0000         0.0000              1
        69.0939        41.4998         4.0000         2.5588         1.3264               94748.0000          94748    51.06519501  -114.14481616       146.6106         0.0000              4         1.3176        -0.7376        -0.7376         0.5433         0.0000         0.0000              1
        69.7757        41.4872         4.0000         2.5669         1.3730               95248.0000          95248    51.06520003  -114.14481056       147.0733         0.0000              4         1.3548        -0.8085        -0.8085         0.6529         0.0000         0.0000              1
        70.4404        41.4938         4.0000         2.5741         1.4143               95748.0000          95748    51.06520501  -114.14480532       147.4876         0.0000              4         1.4123        -0.8667        -0.8667         0.7232         0.0000         0.0000              1
        70.8882        41.5270         4.0000         2.5778         1.5071               96248.0000          96248    51.06520852  -114.14480213       147.6980         0.0000              4         1.6211        -0.9802        -0.9802         0.7946         0.0000         0.0000              1
        71.4901        41.5389         4.0000         2.5779         1.6515               96748.0000          96748    51.06521307  -114.14479745       147.7021         0.0000              4         1.9990        -1.1634        -1.1634         0.8787         0.0000         0.0000              1
        72.1540        41.5603         4.0000         2.5732         1.8433               97248.0000          97248    51.06521812  -114.14479239       147.4352         0.0000              4         2.6000        -1.3960        -1.3960         1.0125         0.0000         0.0000              1
        72.8002        41.6132         4.0000         2.5701         1.8785               97748.0000          97748    51.06522321  -114.14478785       147.2574         0.0000              4         2.7001        -1.4464        -1.4464         1.0610         0.0000         0.0000              1
        73.3622        41.6024         4.0000         2.5683         1.9053               98248.0000          98248    51.06522734  -114.14478323       147.1540         0.0000              4         2.7460        -1.5122        -1.5122         1.0901         0.0000         0.0000              1
        73.9245        41.5924         4.0000         2.5727         1.9093               98748.0000          98748    51.06523149  -114.14477861       147.4070         0.0000              4         2.6629        -1.5391        -1.5391         1.2419         0.0000         0.0000              1
        74.4466        41.5307         4.0000         2.5722         1.9518               99248.0000          99248    51.06523507  -114.14477370       147.3758         0.0000              4         2.8044        -1.5817        -1.5817         1.3286         0.0000         0.0000              1
        74.8711        41.5109         4.0000         2.5740         2.0065               99748.0000          99748    51.06523813  -114.14477007       147.4822         0.0000              4         2.9226        -1.6945        -1.6945         1.4270         0.0000         0.0000              1
        74.7537        41.4369         4.0000         2.5752         2.0742              100248.0000         100248    51.06523689  -114.14477013       147.5503         0.0000              4         3.1800        -1.7513        -1.7513         1.5764         0.0000         0.0000              1
        74.5175        41.3734         4.0000         2.5704         2.2538              100748.0000         100748    51.06523481  -114.14477126       147.2728         0.0000              4         3.6540        -2.0767        -2.0767         2.0552         0.0000         0.0000              1
        74.0500        41.2500         4.0000         2.5565         2.3939              101248.0000         101248    51.06523070  -114.14477354       146.4774         0.0000              4         3.9714        -2.3040        -2.3040         2.7671         0.0000         0.0000              1
        73.6500        41.3500         4.0000         2.5310         2.4262              101748.0000         101748    51.06522822  -114.14477793       145.0167         0.0000              4         4.0763        -2.3927        -2.3927         2.7875         0.0000         0.0000              1
        73.3500        41.2500         4.0000         2.5217         2.4230              102248.0000         102248    51.06522548  -114.14477914       144.4834         0.0000              4         4.0378        -2.4363        -2.4363         2.7984         0.0000         0.0000              1
        73.1215        41.1712         4.0000         2.5114         2.9559              102748.0000         102748    51.06522338  -114.14478004       143.8954         0.0000              4         5.6863        -3.6201        -3.6201         4.7103         0.0000         0.0000              1
        72.5793        41.2414         4.0000         2.5001         3.6067              103248.0000         103248    51.06521969  -114.14478521       143.2453         0.0000              4         8.1924        -5.5404        -5.5404         7.1651         0.0000         0.0000              1
        71.9423        41.2925         4.0000         2.4962         4.1839              103748.0000         103748    51.06521520  -114.14479091       143.0225         0.0000              4        11.1595        -7.3301        -7.3301         9.7165         0.0000         0.0000              1
        71.4847        41.3643         4.0000         2.4887         4.5496              104248.0000         104248    51.06521215  -114.14479542       142.5945         0.0000              4        13.2833        -8.6688        -8.6688        11.2932         0.0000         0.0000              1
